video_path,filename,true_class,predicted_class,correct,confidence,margin_top1_top2,prob_sutemi_waza,prob_tachi_waza
/home/vpcuser/everton-mc-tcn/experimento_dataset_pro/ashi_waza_MjCmIKPejBs_luta01.mp4,ashi_waza_MjCmIKPejBs_luta01.mp4,tachi_waza,tachi_waza,1,0.897655725479126,0.795311413705349,0.10234431177377701,0.897655725479126
/home/vpcuser/everton-mc-tcn/experimento_dataset_pro/ashi_waza_MjCmIKPejBs_luta10.mp4,ashi_waza_MjCmIKPejBs_luta10.mp4,tachi_waza,tachi_waza,1,0.5651386380195618,0.13027730584144592,0.43486133217811584,0.5651386380195618
/home/vpcuser/everton-mc-tcn/experimento_dataset_pro/ashi_waza_MjCmIKPejBs_luta14.mp4,ashi_waza_MjCmIKPejBs_luta14.mp4,tachi_waza,tachi_waza,1,0.9429446458816528,0.8858892992138863,0.05705534666776657,0.9429446458816528
/home/vpcuser/everton-mc-tcn/experimento_dataset_pro/ashi_waza_MjCmIKPejBs_luta19.mp4,ashi_waza_MjCmIKPejBs_luta19.mp4,tachi_waza,tachi_waza,1,0.8555776476860046,0.711155354976654,0.14442229270935059,0.8555776476860046
/home/vpcuser/everton-mc-tcn/experimento_dataset_pro/ashi_waza_MjCmIKPejBs_luta22.mp4,ashi_waza_MjCmIKPejBs_luta22.mp4,tachi_waza,tachi_waza,1,0.9826433062553406,0.9652866087853909,0.017356697469949722,0.9826433062553406
/home/vpcuser/everton-mc-tcn/experimento_dataset_pro/ashi_waza_MjCmIKPejBs_luta23.mp4,ashi_waza_MjCmIKPejBs_luta23.mp4,tachi_waza,tachi_waza,1,0.8669271469116211,0.7338542491197586,0.1330728977918625,0.8669271469116211
/home/vpcuser/everton-mc-tcn/experimento_dataset_pro/ashi_waza_MjCmIKPejBs_luta30.mp4,ashi_waza_MjCmIKPejBs_luta30.mp4,tachi_waza,tachi_waza,1,0.814919114112854,0.629838228225708,0.185080885887146,0.814919114112854
/home/vpcuser/everton-mc-tcn/experimento_dataset_pro/ashi_waza_MjCmIKPejBs_luta49.mp4,ashi_waza_MjCmIKPejBs_luta49.mp4,tachi_waza,tachi_waza,1,0.8089250922203064,0.6178501546382904,0.191074937582016,0.8089250922203064
/home/vpcuser/everton-mc-tcn/experimento_dataset_pro/ashi_waza_MjCmIKPejBs_luta51.mp4,ashi_waza_MjCmIKPejBs_luta51.mp4,tachi_waza,tachi_waza,1,0.7641978859901428,0.5283958166837692,0.2358020693063736,0.7641978859901428
/home/vpcuser/everton-mc-tcn/experimento_dataset_pro/ashi_waza_MjCmIKPejBs_luta53.mp4,ashi_waza_MjCmIKPejBs_luta53.mp4,tachi_waza,tachi_waza,1,0.6385595798492432,0.27711912989616394,0.3614404499530792,0.6385595798492432
/home/vpcuser/everton-mc-tcn/experimento_dataset_pro/ashi_waza_MjCmIKPejBs_luta56.mp4,ashi_waza_MjCmIKPejBs_luta56.mp4,tachi_waza,tachi_waza,1,0.8457779884338379,0.6915559619665146,0.1542220264673233,0.8457779884338379
/home/vpcuser/everton-mc-tcn/experimento_dataset_pro/ashi_waza_MjCmIKPejBs_luta59.mp4,ashi_waza_MjCmIKPejBs_luta59.mp4,tachi_waza,tachi_waza,1,0.8646863698959351,0.7293727099895477,0.13531365990638733,0.8646863698959351
/home/vpcuser/everton-mc-tcn/experimento_dataset_pro/ashi_waza_MjCmIKPejBs_luta61.mp4,ashi_waza_MjCmIKPejBs_luta61.mp4,tachi_waza,tachi_waza,1,0.647876501083374,0.29575303196907043,0.3521234691143036,0.647876501083374
/home/vpcuser/everton-mc-tcn/experimento_dataset_pro/ashi_waza_MjCmIKPejBs_luta65.mp4,ashi_waza_MjCmIKPejBs_luta65.mp4,tachi_waza,tachi_waza,1,0.6780659556388855,0.356131911277771,0.3219340443611145,0.6780659556388855
/home/vpcuser/everton-mc-tcn/experimento_dataset_pro/ashi_waza_MjCmIKPejBs_luta69.mp4,ashi_waza_MjCmIKPejBs_luta69.mp4,tachi_waza,tachi_waza,1,0.8489469885826111,0.6978939175605774,0.1510530710220337,0.8489469885826111
/home/vpcuser/everton-mc-tcn/experimento_dataset_pro/ashi_waza_MjCmIKPejBs_luta70.mp4,ashi_waza_MjCmIKPejBs_luta70.mp4,tachi_waza,tachi_waza,1,0.5619950294494629,0.12399011850357056,0.43800491094589233,0.5619950294494629
/home/vpcuser/everton-mc-tcn/experimento_dataset_pro/ashi_waza_MjCmIKPejBs_luta71.mp4,ashi_waza_MjCmIKPejBs_luta71.mp4,tachi_waza,tachi_waza,1,0.6381190419197083,0.2762381136417389,0.36188092827796936,0.6381190419197083
/home/vpcuser/everton-mc-tcn/experimento_dataset_pro/ashi_waza_MjCmIKPejBs_luta74.mp4,ashi_waza_MjCmIKPejBs_luta74.mp4,tachi_waza,tachi_waza,1,0.693692147731781,0.3873842656612396,0.3063078820705414,0.693692147731781
/home/vpcuser/everton-mc-tcn/experimento_dataset_pro/ashi_waza_MjCmIKPejBs_luta75.mp4,ashi_waza_MjCmIKPejBs_luta75.mp4,tachi_waza,sutemi_waza,0,0.564988374710083,0.12997668981552124,0.564988374710083,0.43501168489456177
/home/vpcuser/everton-mc-tcn/experimento_dataset_pro/ashi_waza_MjCmIKPejBs_luta80.mp4,ashi_waza_MjCmIKPejBs_luta80.mp4,tachi_waza,tachi_waza,1,0.7855349779129028,0.5710699707269669,0.21446500718593597,0.7855349779129028
/home/vpcuser/everton-mc-tcn/experimento_dataset_pro/ashi_waza_YQo6wAcWYKk_luta04.mp4,ashi_waza_YQo6wAcWYKk_luta04.mp4,tachi_waza,tachi_waza,1,0.8490158915519714,0.6980317384004593,0.15098415315151215,0.8490158915519714
/home/vpcuser/everton-mc-tcn/experimento_dataset_pro/ashi_waza_YQo6wAcWYKk_luta05.mp4,ashi_waza_YQo6wAcWYKk_luta05.mp4,tachi_waza,tachi_waza,1,0.9451661705970764,0.8903323858976364,0.05483378469944,0.9451661705970764
/home/vpcuser/everton-mc-tcn/experimento_dataset_pro/ashi_waza_YQo6wAcWYKk_luta15.mp4,ashi_waza_YQo6wAcWYKk_luta15.mp4,tachi_waza,tachi_waza,1,0.9129158854484558,0.825831763446331,0.08708412200212479,0.9129158854484558
/home/vpcuser/everton-mc-tcn/experimento_dataset_pro/ashi_waza_YQo6wAcWYKk_luta25.mp4,ashi_waza_YQo6wAcWYKk_luta25.mp4,tachi_waza,sutemi_waza,0,0.7086968421936035,0.4173937141895294,0.7086968421936035,0.2913031280040741
/home/vpcuser/everton-mc-tcn/experimento_dataset_pro/ashi_waza_YQo6wAcWYKk_luta26.mp4,ashi_waza_YQo6wAcWYKk_luta26.mp4,tachi_waza,tachi_waza,1,0.7419916987419128,0.48398342728614807,0.25800827145576477,0.7419916987419128
/home/vpcuser/everton-mc-tcn/experimento_dataset_pro/ashi_waza_YQo6wAcWYKk_luta28.mp4,ashi_waza_YQo6wAcWYKk_luta28.mp4,tachi_waza,sutemi_waza,0,0.6570921540260315,0.314184308052063,0.6570921540260315,0.3429078459739685
/home/vpcuser/everton-mc-tcn/experimento_dataset_pro/ashi_waza_YQo6wAcWYKk_luta29.mp4,ashi_waza_YQo6wAcWYKk_luta29.mp4,tachi_waza,tachi_waza,1,0.7134472131729126,0.4268944263458252,0.2865527868270874,0.7134472131729126
/home/vpcuser/everton-mc-tcn/experimento_dataset_pro/ashi_waza_YQo6wAcWYKk_luta34.mp4,ashi_waza_YQo6wAcWYKk_luta34.mp4,tachi_waza,tachi_waza,1,0.7896402478218079,0.5792805105447769,0.21035973727703094,0.7896402478218079
/home/vpcuser/everton-mc-tcn/experimento_dataset_pro/ashi_waza_YQo6wAcWYKk_luta35.mp4,ashi_waza_YQo6wAcWYKk_luta35.mp4,tachi_waza,tachi_waza,1,0.7124395370483398,0.4248790442943573,0.28756049275398254,0.7124395370483398
/home/vpcuser/everton-mc-tcn/experimento_dataset_pro/ashi_waza_YQo6wAcWYKk_luta37.mp4,ashi_waza_YQo6wAcWYKk_luta37.mp4,tachi_waza,tachi_waza,1,0.9479787349700928,0.8959574662148952,0.052021268755197525,0.9479787349700928
/home/vpcuser/everton-mc-tcn/experimento_dataset_pro/ashi_waza_YQo6wAcWYKk_luta40.mp4,ashi_waza_YQo6wAcWYKk_luta40.mp4,tachi_waza,tachi_waza,1,0.5926781892776489,0.18535631895065308,0.40732187032699585,0.5926781892776489
/home/vpcuser/everton-mc-tcn/experimento_dataset_pro/ashi_waza_YQo6wAcWYKk_luta43.mp4,ashi_waza_YQo6wAcWYKk_luta43.mp4,tachi_waza,tachi_waza,1,0.5285423398017883,0.05708467960357666,0.47145766019821167,0.5285423398017883
/home/vpcuser/everton-mc-tcn/experimento_dataset_pro/ashi_waza_YQo6wAcWYKk_luta47.mp4,ashi_waza_YQo6wAcWYKk_luta47.mp4,tachi_waza,sutemi_waza,0,0.5364371538162231,0.0728742778301239,0.5364371538162231,0.46356287598609924
/home/vpcuser/everton-mc-tcn/experimento_dataset_pro/ashi_waza_YQo6wAcWYKk_luta49.mp4,ashi_waza_YQo6wAcWYKk_luta49.mp4,tachi_waza,sutemi_waza,0,0.9143424034118652,0.8286848291754723,0.9143424034118652,0.08565757423639297
/home/vpcuser/everton-mc-tcn/experimento_dataset_pro/ashi_waza_YQo6wAcWYKk_luta50.mp4,ashi_waza_YQo6wAcWYKk_luta50.mp4,tachi_waza,tachi_waza,1,0.5471670031547546,0.09433400630950928,0.45283299684524536,0.5471670031547546
/home/vpcuser/everton-mc-tcn/experimento_dataset_pro/ashi_waza_YQo6wAcWYKk_luta51.mp4,ashi_waza_YQo6wAcWYKk_luta51.mp4,tachi_waza,sutemi_waza,0,0.5087758898735046,0.017551779747009277,0.5087758898735046,0.49122411012649536
/home/vpcuser/everton-mc-tcn/experimento_dataset_pro/ashi_waza_YQo6wAcWYKk_luta52.mp4,ashi_waza_YQo6wAcWYKk_luta52.mp4,tachi_waza,tachi_waza,1,0.5545094609260559,0.10901892185211182,0.4454905390739441,0.5545094609260559
/home/vpcuser/everton-mc-tcn/experimento_dataset_pro/ashi_waza_YQo6wAcWYKk_luta54.mp4,ashi_waza_YQo6wAcWYKk_luta54.mp4,tachi_waza,tachi_waza,1,0.9534085392951965,0.9068170562386513,0.04659148305654526,0.9534085392951965
/home/vpcuser/everton-mc-tcn/experimento_dataset_pro/ashi_waza_YQo6wAcWYKk_luta58.mp4,ashi_waza_YQo6wAcWYKk_luta58.mp4,tachi_waza,tachi_waza,1,0.6346085071563721,0.26921701431274414,0.36539149284362793,0.6346085071563721
/home/vpcuser/everton-mc-tcn/experimento_dataset_pro/ashi_waza_YQo6wAcWYKk_luta63.mp4,ashi_waza_YQo6wAcWYKk_luta63.mp4,tachi_waza,tachi_waza,1,0.8251801133155823,0.6503602415323257,0.17481987178325653,0.8251801133155823
/home/vpcuser/everton-mc-tcn/experimento_dataset_pro/ashi_waza_YQo6wAcWYKk_luta66.mp4,ashi_waza_YQo6wAcWYKk_luta66.mp4,tachi_waza,tachi_waza,1,0.8832445740699768,0.7664890810847282,0.11675549298524857,0.8832445740699768
/home/vpcuser/everton-mc-tcn/experimento_dataset_pro/ashi_waza_YQo6wAcWYKk_luta73.mp4,ashi_waza_YQo6wAcWYKk_luta73.mp4,tachi_waza,tachi_waza,1,0.8079931139945984,0.6159862130880356,0.1920069009065628,0.8079931139945984
/home/vpcuser/everton-mc-tcn/experimento_dataset_pro/ashi_waza_YQo6wAcWYKk_luta74.mp4,ashi_waza_YQo6wAcWYKk_luta74.mp4,tachi_waza,tachi_waza,1,0.7436535954475403,0.48730719089508057,0.2563464045524597,0.7436535954475403
/home/vpcuser/everton-mc-tcn/experimento_dataset_pro/ashi_waza_YQo6wAcWYKk_luta75.mp4,ashi_waza_YQo6wAcWYKk_luta75.mp4,tachi_waza,tachi_waza,1,0.6582216024398804,0.3164432644844055,0.34177833795547485,0.6582216024398804
/home/vpcuser/everton-mc-tcn/experimento_dataset_pro/ashi_waza_YQo6wAcWYKk_luta76.mp4,ashi_waza_YQo6wAcWYKk_luta76.mp4,tachi_waza,tachi_waza,1,0.9710059762001038,0.9420119076967239,0.028994068503379822,0.9710059762001038
/home/vpcuser/everton-mc-tcn/experimento_dataset_pro/ashi_waza_YQo6wAcWYKk_luta78.mp4,ashi_waza_YQo6wAcWYKk_luta78.mp4,tachi_waza,tachi_waza,1,0.5228064060211182,0.045612871646881104,0.47719353437423706,0.5228064060211182
/home/vpcuser/everton-mc-tcn/experimento_dataset_pro/ashi_waza_YQo6wAcWYKk_luta84.mp4,ashi_waza_YQo6wAcWYKk_luta84.mp4,tachi_waza,tachi_waza,1,0.9308198690414429,0.8616397604346275,0.06918010860681534,0.9308198690414429
/home/vpcuser/everton-mc-tcn/experimento_dataset_pro/ashi_waza_YQo6wAcWYKk_luta86.mp4,ashi_waza_YQo6wAcWYKk_luta86.mp4,tachi_waza,tachi_waza,1,0.9123757481575012,0.824751503765583,0.08762424439191818,0.9123757481575012
/home/vpcuser/everton-mc-tcn/experimento_dataset_pro/ashi_waza_YQo6wAcWYKk_luta87.mp4,ashi_waza_YQo6wAcWYKk_luta87.mp4,tachi_waza,tachi_waza,1,0.8158712387084961,0.6317425072193146,0.18412873148918152,0.8158712387084961
/home/vpcuser/everton-mc-tcn/experimento_dataset_pro/ashi_waza_YQo6wAcWYKk_luta88.mp4,ashi_waza_YQo6wAcWYKk_luta88.mp4,tachi_waza,tachi_waza,1,0.6997488737106323,0.3994978070259094,0.3002510666847229,0.6997488737106323
/home/vpcuser/everton-mc-tcn/experimento_dataset_pro/ashi_waza_YQo6wAcWYKk_luta89.mp4,ashi_waza_YQo6wAcWYKk_luta89.mp4,tachi_waza,sutemi_waza,0,0.5168659687042236,0.033731937408447266,0.5168659687042236,0.48313403129577637
/home/vpcuser/everton-mc-tcn/experimento_dataset_pro/ashi_waza_YQo6wAcWYKk_luta92.mp4,ashi_waza_YQo6wAcWYKk_luta92.mp4,tachi_waza,tachi_waza,1,0.8705052137374878,0.741010457277298,0.12949475646018982,0.8705052137374878
/home/vpcuser/everton-mc-tcn/experimento_dataset_pro/ashi_waza_YQo6wAcWYKk_luta94.mp4,ashi_waza_YQo6wAcWYKk_luta94.mp4,tachi_waza,tachi_waza,1,0.9352154731750488,0.8704309612512589,0.06478451192378998,0.9352154731750488
/home/vpcuser/everton-mc-tcn/experimento_dataset_pro/ashi_waza_YQo6wAcWYKk_luta96.mp4,ashi_waza_YQo6wAcWYKk_luta96.mp4,tachi_waza,tachi_waza,1,0.7519934773445129,0.5039869099855423,0.24800656735897064,0.7519934773445129
/home/vpcuser/everton-mc-tcn/experimento_dataset_pro/ashi_waza_lX7brd9T1-s_luta06_sub04.mp4,ashi_waza_lX7brd9T1-s_luta06_sub04.mp4,tachi_waza,tachi_waza,1,0.7783786654472351,0.556757315993309,0.2216213494539261,0.7783786654472351
/home/vpcuser/everton-mc-tcn/experimento_dataset_pro/ashi_waza_lX7brd9T1-s_luta12_sub05.mp4,ashi_waza_lX7brd9T1-s_luta12_sub05.mp4,tachi_waza,tachi_waza,1,0.8207583427429199,0.6415166258811951,0.17924171686172485,0.8207583427429199
/home/vpcuser/everton-mc-tcn/experimento_dataset_pro/ashi_waza_lX7brd9T1-s_luta30_sub01.mp4,ashi_waza_lX7brd9T1-s_luta30_sub01.mp4,tachi_waza,tachi_waza,1,0.9091482162475586,0.8182964771986008,0.09085173904895782,0.9091482162475586
/home/vpcuser/everton-mc-tcn/experimento_dataset_pro/ashi_waza_lX7brd9T1-s_luta34_sub01.mp4,ashi_waza_lX7brd9T1-s_luta34_sub01.mp4,tachi_waza,tachi_waza,1,0.9283375144004822,0.8566749691963196,0.0716625452041626,0.9283375144004822
/home/vpcuser/everton-mc-tcn/experimento_dataset_pro/ashi_waza_pro_39544_2_hl00_0m11.mp4,ashi_waza_pro_39544_2_hl00_0m11.mp4,tachi_waza,tachi_waza,1,0.6355799436569214,0.2711598873138428,0.3644200563430786,0.6355799436569214
/home/vpcuser/everton-mc-tcn/experimento_dataset_pro/ashi_waza_pro_39593_1_hl00_0m11.mp4,ashi_waza_pro_39593_1_hl00_0m11.mp4,tachi_waza,sutemi_waza,0,0.8223737478256226,0.6447475254535675,0.8223737478256226,0.17762622237205505
/home/vpcuser/everton-mc-tcn/experimento_dataset_pro/ashi_waza_pro_44378_14_hl00_0m09.mp4,ashi_waza_pro_44378_14_hl00_0m09.mp4,tachi_waza,sutemi_waza,0,0.7073583602905273,0.4147167205810547,0.7073583602905273,0.29264163970947266
/home/vpcuser/everton-mc-tcn/experimento_dataset_pro/ashi_waza_pro_44378_15_hl00_0m08.mp4,ashi_waza_pro_44378_15_hl00_0m08.mp4,tachi_waza,tachi_waza,1,0.8897563815116882,0.7795127555727959,0.11024362593889236,0.8897563815116882
/home/vpcuser/everton-mc-tcn/experimento_dataset_pro/ashi_waza_pro_44378_6_hl00_0m09.mp4,ashi_waza_pro_44378_6_hl00_0m09.mp4,tachi_waza,tachi_waza,1,0.5263601541519165,0.052720338106155396,0.4736398160457611,0.5263601541519165
/home/vpcuser/everton-mc-tcn/experimento_dataset_pro/ashi_waza_pro_45896_1_hl00_0m08.mp4,ashi_waza_pro_45896_1_hl00_0m08.mp4,tachi_waza,tachi_waza,1,0.9159358739852905,0.8318717256188393,0.08406414836645126,0.9159358739852905
/home/vpcuser/everton-mc-tcn/experimento_dataset_pro/ashi_waza_pro_49528_1_hl00_0m10.mp4,ashi_waza_pro_49528_1_hl00_0m10.mp4,tachi_waza,tachi_waza,1,0.7481632232666016,0.4963264763355255,0.25183674693107605,0.7481632232666016
/home/vpcuser/everton-mc-tcn/experimento_dataset_pro/ashi_waza_pro_49528_3_hl00_0m10.mp4,ashi_waza_pro_49528_3_hl00_0m10.mp4,tachi_waza,tachi_waza,1,0.9714924693107605,0.9429849609732628,0.02850750833749771,0.9714924693107605
/home/vpcuser/everton-mc-tcn/experimento_dataset_pro/ashi_waza_pro_49528_6_hl00_0m09.mp4,ashi_waza_pro_49528_6_hl00_0m09.mp4,tachi_waza,tachi_waza,1,0.7917545437812805,0.583509087562561,0.20824545621871948,0.7917545437812805
/home/vpcuser/everton-mc-tcn/experimento_dataset_pro/ashi_waza_pro_49528_9_hl00_0m08.mp4,ashi_waza_pro_49528_9_hl00_0m08.mp4,tachi_waza,tachi_waza,1,0.9199070930480957,0.8398142084479332,0.0800928846001625,0.9199070930480957
/home/vpcuser/everton-mc-tcn/experimento_dataset_pro/ashi_waza_waza_pro_37697_1_hl00_0m10.mp4,ashi_waza_waza_pro_37697_1_hl00_0m10.mp4,tachi_waza,tachi_waza,1,0.5787816047668457,0.1575632393360138,0.4212183654308319,0.5787816047668457
/home/vpcuser/everton-mc-tcn/experimento_dataset_pro/ashi_waza_youtube_2026-06-02_08-46-43.mp4,ashi_waza_youtube_2026-06-02_08-46-43.mp4,tachi_waza,tachi_waza,1,0.7848809957504272,0.5697619765996933,0.21511901915073395,0.7848809957504272
/home/vpcuser/everton-mc-tcn/experimento_dataset_pro/ma_sutemi_waza_pro_39544_1_hl00_0m11.mp4,ma_sutemi_waza_pro_39544_1_hl00_0m11.mp4,sutemi_waza,tachi_waza,0,0.8744147419929504,0.7488295286893845,0.12558521330356598,0.8744147419929504
/home/vpcuser/everton-mc-tcn/experimento_dataset_pro/ma_sutemi_waza_pro_44278_2_hl00_0m08.mp4,ma_sutemi_waza_pro_44278_2_hl00_0m08.mp4,sutemi_waza,tachi_waza,0,0.5624520778656006,0.12490418553352356,0.437547892332077,0.5624520778656006
/home/vpcuser/everton-mc-tcn/experimento_dataset_pro/ma_sutemi_waza_pro_44378_7_hl00_0m08.mp4,ma_sutemi_waza_pro_44378_7_hl00_0m08.mp4,sutemi_waza,sutemi_waza,1,0.9940757751464844,0.9881516038440168,0.9940757751464844,0.005924171302467585
/home/vpcuser/everton-mc-tcn/experimento_dataset_pro/ma_sutemi_waza_pro_44378_9_hl00_0m09.mp4,ma_sutemi_waza_pro_44378_9_hl00_0m09.mp4,sutemi_waza,sutemi_waza,1,0.8178717494010925,0.6357435137033463,0.8178717494010925,0.18212823569774628
/home/vpcuser/everton-mc-tcn/experimento_dataset_pro/ma_sutemi_waza_pro_49528_7_hl00_0m08.mp4,ma_sutemi_waza_pro_49528_7_hl00_0m08.mp4,sutemi_waza,tachi_waza,0,0.8012742400169373,0.6025484949350357,0.19872574508190155,0.8012742400169373
/home/vpcuser/everton-mc-tcn/experimento_dataset_pro/sutemi_waza_MjCmIKPejBs_luta02.mp4,sutemi_waza_MjCmIKPejBs_luta02.mp4,sutemi_waza,sutemi_waza,1,0.5486342906951904,0.09726858139038086,0.5486342906951904,0.45136570930480957
/home/vpcuser/everton-mc-tcn/experimento_dataset_pro/sutemi_waza_MjCmIKPejBs_luta03.mp4,sutemi_waza_MjCmIKPejBs_luta03.mp4,sutemi_waza,tachi_waza,0,0.6928148865699768,0.385629802942276,0.3071850836277008,0.6928148865699768
/home/vpcuser/everton-mc-tcn/experimento_dataset_pro/sutemi_waza_MjCmIKPejBs_luta05.mp4,sutemi_waza_MjCmIKPejBs_luta05.mp4,sutemi_waza,tachi_waza,0,0.6640390157699585,0.3280780017375946,0.3359610140323639,0.6640390157699585
/home/vpcuser/everton-mc-tcn/experimento_dataset_pro/sutemi_waza_MjCmIKPejBs_luta06.mp4,sutemi_waza_MjCmIKPejBs_luta06.mp4,sutemi_waza,tachi_waza,0,0.5947700142860413,0.18953999876976013,0.40523001551628113,0.5947700142860413
/home/vpcuser/everton-mc-tcn/experimento_dataset_pro/sutemi_waza_MjCmIKPejBs_luta07.mp4,sutemi_waza_MjCmIKPejBs_luta07.mp4,sutemi_waza,sutemi_waza,1,0.9637708067893982,0.9275416396558285,0.9637708067893982,0.03622916713356972
/home/vpcuser/everton-mc-tcn/experimento_dataset_pro/sutemi_waza_MjCmIKPejBs_luta08.mp4,sutemi_waza_MjCmIKPejBs_luta08.mp4,sutemi_waza,sutemi_waza,1,0.7986531853675842,0.5973063260316849,0.7986531853675842,0.20134685933589935
/home/vpcuser/everton-mc-tcn/experimento_dataset_pro/sutemi_waza_MjCmIKPejBs_luta09.mp4,sutemi_waza_MjCmIKPejBs_luta09.mp4,sutemi_waza,sutemi_waza,1,0.6692357659339905,0.33847153186798096,0.6692357659339905,0.3307642340660095
/home/vpcuser/everton-mc-tcn/experimento_dataset_pro/sutemi_waza_MjCmIKPejBs_luta18.mp4,sutemi_waza_MjCmIKPejBs_luta18.mp4,sutemi_waza,sutemi_waza,1,0.7749192118644714,0.5498384088277817,0.7749192118644714,0.22508080303668976
/home/vpcuser/everton-mc-tcn/experimento_dataset_pro/sutemi_waza_MjCmIKPejBs_luta20.mp4,sutemi_waza_MjCmIKPejBs_luta20.mp4,sutemi_waza,tachi_waza,0,0.7005593776702881,0.4011187255382538,0.2994406521320343,0.7005593776702881
/home/vpcuser/everton-mc-tcn/experimento_dataset_pro/sutemi_waza_MjCmIKPejBs_luta21.mp4,sutemi_waza_MjCmIKPejBs_luta21.mp4,sutemi_waza,sutemi_waza,1,0.7424672842025757,0.484934538602829,0.7424672842025757,0.2575327455997467
/home/vpcuser/everton-mc-tcn/experimento_dataset_pro/sutemi_waza_MjCmIKPejBs_luta27.mp4,sutemi_waza_MjCmIKPejBs_luta27.mp4,sutemi_waza,sutemi_waza,1,0.9178193211555481,0.835638627409935,0.9178193211555481,0.0821806937456131
/home/vpcuser/everton-mc-tcn/experimento_dataset_pro/sutemi_waza_MjCmIKPejBs_luta28.mp4,sutemi_waza_MjCmIKPejBs_luta28.mp4,sutemi_waza,tachi_waza,0,0.8972596526145935,0.794519267976284,0.10274038463830948,0.8972596526145935
/home/vpcuser/everton-mc-tcn/experimento_dataset_pro/sutemi_waza_MjCmIKPejBs_luta33.mp4,sutemi_waza_MjCmIKPejBs_luta33.mp4,sutemi_waza,tachi_waza,0,0.7130705714225769,0.4261411726474762,0.2869293987751007,0.7130705714225769
/home/vpcuser/everton-mc-tcn/experimento_dataset_pro/sutemi_waza_MjCmIKPejBs_luta34.mp4,sutemi_waza_MjCmIKPejBs_luta34.mp4,sutemi_waza,sutemi_waza,1,0.7312585115432739,0.46251702308654785,0.7312585115432739,0.2687414884567261
/home/vpcuser/everton-mc-tcn/experimento_dataset_pro/sutemi_waza_MjCmIKPejBs_luta35.mp4,sutemi_waza_MjCmIKPejBs_luta35.mp4,sutemi_waza,sutemi_waza,1,0.9739909172058105,0.9479818493127823,0.9739909172058105,0.02600906789302826
/home/vpcuser/everton-mc-tcn/experimento_dataset_pro/sutemi_waza_MjCmIKPejBs_luta36.mp4,sutemi_waza_MjCmIKPejBs_luta36.mp4,sutemi_waza,sutemi_waza,1,0.7236475348472595,0.44729506969451904,0.7236475348472595,0.2763524651527405
/home/vpcuser/everton-mc-tcn/experimento_dataset_pro/sutemi_waza_MjCmIKPejBs_luta37.mp4,sutemi_waza_MjCmIKPejBs_luta37.mp4,sutemi_waza,sutemi_waza,1,0.5621559023857117,0.12431174516677856,0.5621559023857117,0.4378441572189331
/home/vpcuser/everton-mc-tcn/experimento_dataset_pro/sutemi_waza_MjCmIKPejBs_luta38.mp4,sutemi_waza_MjCmIKPejBs_luta38.mp4,sutemi_waza,sutemi_waza,1,0.7760728001594543,0.5521456152200699,0.7760728001594543,0.22392718493938446
/home/vpcuser/everton-mc-tcn/experimento_dataset_pro/sutemi_waza_MjCmIKPejBs_luta40.mp4,sutemi_waza_MjCmIKPejBs_luta40.mp4,sutemi_waza,sutemi_waza,1,0.9288376569747925,0.857675276696682,0.9288376569747925,0.0711623802781105
/home/vpcuser/everton-mc-tcn/experimento_dataset_pro/sutemi_waza_MjCmIKPejBs_luta41.mp4,sutemi_waza_MjCmIKPejBs_luta41.mp4,sutemi_waza,tachi_waza,0,0.729923665523529,0.4598473012447357,0.27007636427879333,0.729923665523529
/home/vpcuser/everton-mc-tcn/experimento_dataset_pro/sutemi_waza_MjCmIKPejBs_luta43.mp4,sutemi_waza_MjCmIKPejBs_luta43.mp4,sutemi_waza,sutemi_waza,1,0.5816386938095093,0.16327738761901855,0.5816386938095093,0.4183613061904907
/home/vpcuser/everton-mc-tcn/experimento_dataset_pro/sutemi_waza_MjCmIKPejBs_luta45.mp4,sutemi_waza_MjCmIKPejBs_luta45.mp4,sutemi_waza,sutemi_waza,1,0.7573574185371399,0.514714851975441,0.7573574185371399,0.2426425665616989
/home/vpcuser/everton-mc-tcn/experimento_dataset_pro/sutemi_waza_MjCmIKPejBs_luta46.mp4,sutemi_waza_MjCmIKPejBs_luta46.mp4,sutemi_waza,sutemi_waza,1,0.7479795217514038,0.49595907330513,0.7479795217514038,0.2520204484462738
/home/vpcuser/everton-mc-tcn/experimento_dataset_pro/sutemi_waza_MjCmIKPejBs_luta52.mp4,sutemi_waza_MjCmIKPejBs_luta52.mp4,sutemi_waza,tachi_waza,0,0.7573055028915405,0.5146110504865646,0.2426944524049759,0.7573055028915405
/home/vpcuser/everton-mc-tcn/experimento_dataset_pro/sutemi_waza_MjCmIKPejBs_luta57.mp4,sutemi_waza_MjCmIKPejBs_luta57.mp4,sutemi_waza,sutemi_waza,1,0.7557686567306519,0.5115373283624649,0.7557686567306519,0.24423132836818695
/home/vpcuser/everton-mc-tcn/experimento_dataset_pro/sutemi_waza_MjCmIKPejBs_luta58.mp4,sutemi_waza_MjCmIKPejBs_luta58.mp4,sutemi_waza,sutemi_waza,1,0.7202911972999573,0.44058242440223694,0.7202911972999573,0.27970877289772034
/home/vpcuser/everton-mc-tcn/experimento_dataset_pro/sutemi_waza_MjCmIKPejBs_luta60.mp4,sutemi_waza_MjCmIKPejBs_luta60.mp4,sutemi_waza,sutemi_waza,1,0.8686217665672302,0.7372435480356216,0.8686217665672302,0.13137821853160858
/home/vpcuser/everton-mc-tcn/experimento_dataset_pro/sutemi_waza_MjCmIKPejBs_luta63.mp4,sutemi_waza_MjCmIKPejBs_luta63.mp4,sutemi_waza,sutemi_waza,1,0.7833490371704102,0.5666980147361755,0.7833490371704102,0.21665102243423462
/home/vpcuser/everton-mc-tcn/experimento_dataset_pro/sutemi_waza_MjCmIKPejBs_luta64.mp4,sutemi_waza_MjCmIKPejBs_luta64.mp4,sutemi_waza,tachi_waza,0,0.500449001789093,0.0008979737758636475,0.49955102801322937,0.500449001789093
/home/vpcuser/everton-mc-tcn/experimento_dataset_pro/sutemi_waza_MjCmIKPejBs_luta66.mp4,sutemi_waza_MjCmIKPejBs_luta66.mp4,sutemi_waza,sutemi_waza,1,0.9501150846481323,0.9002301767468452,0.9501150846481323,0.04988490790128708
/home/vpcuser/everton-mc-tcn/experimento_dataset_pro/sutemi_waza_MjCmIKPejBs_luta67.mp4,sutemi_waza_MjCmIKPejBs_luta67.mp4,sutemi_waza,sutemi_waza,1,0.7999285459518433,0.5998570472002029,0.7999285459518433,0.20007149875164032
/home/vpcuser/everton-mc-tcn/experimento_dataset_pro/sutemi_waza_MjCmIKPejBs_luta68.mp4,sutemi_waza_MjCmIKPejBs_luta68.mp4,sutemi_waza,sutemi_waza,1,0.8713145852088928,0.7426291257143021,0.8713145852088928,0.12868545949459076
/home/vpcuser/everton-mc-tcn/experimento_dataset_pro/sutemi_waza_MjCmIKPejBs_luta72.mp4,sutemi_waza_MjCmIKPejBs_luta72.mp4,sutemi_waza,sutemi_waza,1,0.9594764113426208,0.9189528077840805,0.9594764113426208,0.040523603558540344
/home/vpcuser/everton-mc-tcn/experimento_dataset_pro/sutemi_waza_MjCmIKPejBs_luta73.mp4,sutemi_waza_MjCmIKPejBs_luta73.mp4,sutemi_waza,tachi_waza,0,0.5077056884765625,0.015411406755447388,0.4922942817211151,0.5077056884765625
/home/vpcuser/everton-mc-tcn/experimento_dataset_pro/sutemi_waza_MjCmIKPejBs_luta76.mp4,sutemi_waza_MjCmIKPejBs_luta76.mp4,sutemi_waza,sutemi_waza,1,0.9419382214546204,0.8838765062391758,0.9419382214546204,0.058061715215444565
/home/vpcuser/everton-mc-tcn/experimento_dataset_pro/sutemi_waza_MjCmIKPejBs_luta77.mp4,sutemi_waza_MjCmIKPejBs_luta77.mp4,sutemi_waza,sutemi_waza,1,0.5381551384925842,0.07631027698516846,0.5381551384925842,0.46184486150741577
/home/vpcuser/everton-mc-tcn/experimento_dataset_pro/sutemi_waza_MjCmIKPejBs_luta78.mp4,sutemi_waza_MjCmIKPejBs_luta78.mp4,sutemi_waza,sutemi_waza,1,0.5374307632446289,0.07486146688461304,0.5374307632446289,0.46256929636001587
/home/vpcuser/everton-mc-tcn/experimento_dataset_pro/sutemi_waza_MjCmIKPejBs_luta79.mp4,sutemi_waza_MjCmIKPejBs_luta79.mp4,sutemi_waza,sutemi_waza,1,0.8907056450843811,0.7814113274216652,0.8907056450843811,0.10929431766271591
/home/vpcuser/everton-mc-tcn/experimento_dataset_pro/sutemi_waza_YQo6wAcWYKk_luta07.mp4,sutemi_waza_YQo6wAcWYKk_luta07.mp4,sutemi_waza,sutemi_waza,1,0.785099446773529,0.5701988935470581,0.785099446773529,0.21490055322647095
/home/vpcuser/everton-mc-tcn/experimento_dataset_pro/sutemi_waza_YQo6wAcWYKk_luta08.mp4,sutemi_waza_YQo6wAcWYKk_luta08.mp4,sutemi_waza,sutemi_waza,1,0.6997761130332947,0.3995521664619446,0.6997761130332947,0.3002239465713501
/home/vpcuser/everton-mc-tcn/experimento_dataset_pro/sutemi_waza_YQo6wAcWYKk_luta09.mp4,sutemi_waza_YQo6wAcWYKk_luta09.mp4,sutemi_waza,sutemi_waza,1,0.6798321008682251,0.3596642315387726,0.6798321008682251,0.3201678693294525
/home/vpcuser/everton-mc-tcn/experimento_dataset_pro/sutemi_waza_YQo6wAcWYKk_luta11.mp4,sutemi_waza_YQo6wAcWYKk_luta11.mp4,sutemi_waza,tachi_waza,0,0.6046876907348633,0.20937538146972656,0.3953123092651367,0.6046876907348633
/home/vpcuser/everton-mc-tcn/experimento_dataset_pro/sutemi_waza_YQo6wAcWYKk_luta12.mp4,sutemi_waza_YQo6wAcWYKk_luta12.mp4,sutemi_waza,sutemi_waza,1,0.6315041184425354,0.2630082368850708,0.6315041184425354,0.3684958815574646
/home/vpcuser/everton-mc-tcn/experimento_dataset_pro/sutemi_waza_YQo6wAcWYKk_luta14.mp4,sutemi_waza_YQo6wAcWYKk_luta14.mp4,sutemi_waza,sutemi_waza,1,0.894066572189331,0.7881331443786621,0.894066572189331,0.10593342781066895
/home/vpcuser/everton-mc-tcn/experimento_dataset_pro/sutemi_waza_YQo6wAcWYKk_luta18.mp4,sutemi_waza_YQo6wAcWYKk_luta18.mp4,sutemi_waza,sutemi_waza,1,0.7456426024436951,0.49128517508506775,0.7456426024436951,0.2543574273586273
/home/vpcuser/everton-mc-tcn/experimento_dataset_pro/sutemi_waza_YQo6wAcWYKk_luta21.mp4,sutemi_waza_YQo6wAcWYKk_luta21.mp4,sutemi_waza,sutemi_waza,1,0.8464363813400269,0.6928728371858597,0.8464363813400269,0.15356354415416718
/home/vpcuser/everton-mc-tcn/experimento_dataset_pro/sutemi_waza_YQo6wAcWYKk_luta22.mp4,sutemi_waza_YQo6wAcWYKk_luta22.mp4,sutemi_waza,tachi_waza,0,0.5744144320487976,0.14882880449295044,0.42558562755584717,0.5744144320487976
/home/vpcuser/everton-mc-tcn/experimento_dataset_pro/sutemi_waza_YQo6wAcWYKk_luta23.mp4,sutemi_waza_YQo6wAcWYKk_luta23.mp4,sutemi_waza,sutemi_waza,1,0.9267256855964661,0.8534514382481575,0.9267256855964661,0.07327424734830856
/home/vpcuser/everton-mc-tcn/experimento_dataset_pro/sutemi_waza_YQo6wAcWYKk_luta24.mp4,sutemi_waza_YQo6wAcWYKk_luta24.mp4,sutemi_waza,sutemi_waza,1,0.7855216860771179,0.5710433125495911,0.7855216860771179,0.21447837352752686
/home/vpcuser/everton-mc-tcn/experimento_dataset_pro/sutemi_waza_YQo6wAcWYKk_luta32.mp4,sutemi_waza_YQo6wAcWYKk_luta32.mp4,sutemi_waza,sutemi_waza,1,0.9933429956436157,0.9866860094480217,0.9933429956436157,0.006656986195594072
/home/vpcuser/everton-mc-tcn/experimento_dataset_pro/sutemi_waza_YQo6wAcWYKk_luta36.mp4,sutemi_waza_YQo6wAcWYKk_luta36.mp4,sutemi_waza,sutemi_waza,1,0.8871569037437439,0.7743138670921326,0.8871569037437439,0.11284303665161133
/home/vpcuser/everton-mc-tcn/experimento_dataset_pro/sutemi_waza_YQo6wAcWYKk_luta39.mp4,sutemi_waza_YQo6wAcWYKk_luta39.mp4,sutemi_waza,tachi_waza,0,0.5732482671737671,0.14649656414985657,0.4267517030239105,0.5732482671737671
/home/vpcuser/everton-mc-tcn/experimento_dataset_pro/sutemi_waza_YQo6wAcWYKk_luta42.mp4,sutemi_waza_YQo6wAcWYKk_luta42.mp4,sutemi_waza,sutemi_waza,1,0.6440243721008301,0.28804871439933777,0.6440243721008301,0.3559756577014923
/home/vpcuser/everton-mc-tcn/experimento_dataset_pro/sutemi_waza_YQo6wAcWYKk_luta44.mp4,sutemi_waza_YQo6wAcWYKk_luta44.mp4,sutemi_waza,sutemi_waza,1,0.8365551829338074,0.6731103211641312,0.8365551829338074,0.1634448617696762
/home/vpcuser/everton-mc-tcn/experimento_dataset_pro/sutemi_waza_YQo6wAcWYKk_luta48.mp4,sutemi_waza_YQo6wAcWYKk_luta48.mp4,sutemi_waza,tachi_waza,0,0.6293044090270996,0.2586088478565216,0.370695561170578,0.6293044090270996
/home/vpcuser/everton-mc-tcn/experimento_dataset_pro/sutemi_waza_YQo6wAcWYKk_luta53.mp4,sutemi_waza_YQo6wAcWYKk_luta53.mp4,sutemi_waza,sutemi_waza,1,0.5185398459434509,0.03707966208457947,0.5185398459434509,0.48146018385887146
/home/vpcuser/everton-mc-tcn/experimento_dataset_pro/sutemi_waza_YQo6wAcWYKk_luta56.mp4,sutemi_waza_YQo6wAcWYKk_luta56.mp4,sutemi_waza,tachi_waza,0,0.7281764149665833,0.4563528001308441,0.27182361483573914,0.7281764149665833
/home/vpcuser/everton-mc-tcn/experimento_dataset_pro/sutemi_waza_YQo6wAcWYKk_luta57.mp4,sutemi_waza_YQo6wAcWYKk_luta57.mp4,sutemi_waza,tachi_waza,0,0.5603724718093872,0.12074500322341919,0.439627468585968,0.5603724718093872
/home/vpcuser/everton-mc-tcn/experimento_dataset_pro/sutemi_waza_YQo6wAcWYKk_luta62.mp4,sutemi_waza_YQo6wAcWYKk_luta62.mp4,sutemi_waza,sutemi_waza,1,0.7398734092712402,0.47974684834480286,0.7398734092712402,0.2601265609264374
/home/vpcuser/everton-mc-tcn/experimento_dataset_pro/sutemi_waza_YQo6wAcWYKk_luta64.mp4,sutemi_waza_YQo6wAcWYKk_luta64.mp4,sutemi_waza,sutemi_waza,1,0.8434209823608398,0.6868420243263245,0.8434209823608398,0.15657895803451538
/home/vpcuser/everton-mc-tcn/experimento_dataset_pro/sutemi_waza_YQo6wAcWYKk_luta65.mp4,sutemi_waza_YQo6wAcWYKk_luta65.mp4,sutemi_waza,sutemi_waza,1,0.531053364276886,0.06210675835609436,0.531053364276886,0.4689466059207916
/home/vpcuser/everton-mc-tcn/experimento_dataset_pro/sutemi_waza_YQo6wAcWYKk_luta68.mp4,sutemi_waza_YQo6wAcWYKk_luta68.mp4,sutemi_waza,sutemi_waza,1,0.921906590461731,0.8438131883740425,0.921906590461731,0.07809340208768845
/home/vpcuser/everton-mc-tcn/experimento_dataset_pro/sutemi_waza_YQo6wAcWYKk_luta77.mp4,sutemi_waza_YQo6wAcWYKk_luta77.mp4,sutemi_waza,tachi_waza,0,0.6486721038818359,0.29734423756599426,0.3513278663158417,0.6486721038818359
/home/vpcuser/everton-mc-tcn/experimento_dataset_pro/sutemi_waza_YQo6wAcWYKk_luta90.mp4,sutemi_waza_YQo6wAcWYKk_luta90.mp4,sutemi_waza,tachi_waza,0,0.592598021030426,0.18519604206085205,0.407401978969574,0.592598021030426
/home/vpcuser/everton-mc-tcn/experimento_dataset_pro/sutemi_waza_YQo6wAcWYKk_luta93.mp4,sutemi_waza_YQo6wAcWYKk_luta93.mp4,sutemi_waza,tachi_waza,0,0.7396630644798279,0.479326069355011,0.2603369951248169,0.7396630644798279
/home/vpcuser/everton-mc-tcn/experimento_dataset_pro/sutemi_waza_YQo6wAcWYKk_luta95.mp4,sutemi_waza_YQo6wAcWYKk_luta95.mp4,sutemi_waza,sutemi_waza,1,0.5652592778205872,0.1305185854434967,0.5652592778205872,0.43474069237709045
/home/vpcuser/everton-mc-tcn/experimento_dataset_pro/te_waza_MjCmIKPejBs_luta04.mp4,te_waza_MjCmIKPejBs_luta04.mp4,tachi_waza,tachi_waza,1,0.8153387904167175,0.6306775957345963,0.18466119468212128,0.8153387904167175
/home/vpcuser/everton-mc-tcn/experimento_dataset_pro/te_waza_MjCmIKPejBs_luta11.mp4,te_waza_MjCmIKPejBs_luta11.mp4,tachi_waza,tachi_waza,1,0.9129167795181274,0.8258335664868355,0.08708321303129196,0.9129167795181274
/home/vpcuser/everton-mc-tcn/experimento_dataset_pro/te_waza_MjCmIKPejBs_luta12.mp4,te_waza_MjCmIKPejBs_luta12.mp4,tachi_waza,tachi_waza,1,0.8568108081817627,0.7136216461658478,0.14318916201591492,0.8568108081817627
/home/vpcuser/everton-mc-tcn/experimento_dataset_pro/te_waza_MjCmIKPejBs_luta13.mp4,te_waza_MjCmIKPejBs_luta13.mp4,tachi_waza,sutemi_waza,0,0.5847708582878113,0.16954171657562256,0.5847708582878113,0.4152291417121887
/home/vpcuser/everton-mc-tcn/experimento_dataset_pro/te_waza_MjCmIKPejBs_luta15.mp4,te_waza_MjCmIKPejBs_luta15.mp4,tachi_waza,tachi_waza,1,0.8642385005950928,0.7284770011901855,0.13576149940490723,0.8642385005950928
/home/vpcuser/everton-mc-tcn/experimento_dataset_pro/te_waza_MjCmIKPejBs_luta16.mp4,te_waza_MjCmIKPejBs_luta16.mp4,tachi_waza,tachi_waza,1,0.7859595417976379,0.5719190537929535,0.21404048800468445,0.7859595417976379
/home/vpcuser/everton-mc-tcn/experimento_dataset_pro/te_waza_MjCmIKPejBs_luta17.mp4,te_waza_MjCmIKPejBs_luta17.mp4,tachi_waza,tachi_waza,1,0.805010974407196,0.6100219190120697,0.19498905539512634,0.805010974407196
/home/vpcuser/everton-mc-tcn/experimento_dataset_pro/te_waza_MjCmIKPejBs_luta24.mp4,te_waza_MjCmIKPejBs_luta24.mp4,tachi_waza,tachi_waza,1,0.8588605523109436,0.717721164226532,0.14113938808441162,0.8588605523109436
/home/vpcuser/everton-mc-tcn/experimento_dataset_pro/te_waza_MjCmIKPejBs_luta25.mp4,te_waza_MjCmIKPejBs_luta25.mp4,tachi_waza,tachi_waza,1,0.8881456255912781,0.7762912139296532,0.11185441166162491,0.8881456255912781
/home/vpcuser/everton-mc-tcn/experimento_dataset_pro/te_waza_MjCmIKPejBs_luta26.mp4,te_waza_MjCmIKPejBs_luta26.mp4,tachi_waza,tachi_waza,1,0.9198068380355835,0.8396136537194252,0.0801931843161583,0.9198068380355835
/home/vpcuser/everton-mc-tcn/experimento_dataset_pro/te_waza_MjCmIKPejBs_luta29.mp4,te_waza_MjCmIKPejBs_luta29.mp4,tachi_waza,tachi_waza,1,0.9094499349594116,0.8188998624682426,0.09055007249116898,0.9094499349594116
/home/vpcuser/everton-mc-tcn/experimento_dataset_pro/te_waza_MjCmIKPejBs_luta31.mp4,te_waza_MjCmIKPejBs_luta31.mp4,tachi_waza,sutemi_waza,0,0.7208577990531921,0.4417155981063843,0.7208577990531921,0.27914220094680786
/home/vpcuser/everton-mc-tcn/experimento_dataset_pro/te_waza_MjCmIKPejBs_luta32.mp4,te_waza_MjCmIKPejBs_luta32.mp4,tachi_waza,tachi_waza,1,0.6294570565223694,0.2589140832424164,0.370542973279953,0.6294570565223694
/home/vpcuser/everton-mc-tcn/experimento_dataset_pro/te_waza_MjCmIKPejBs_luta39.mp4,te_waza_MjCmIKPejBs_luta39.mp4,tachi_waza,tachi_waza,1,0.8583440184593201,0.7166879922151566,0.1416560262441635,0.8583440184593201
/home/vpcuser/everton-mc-tcn/experimento_dataset_pro/te_waza_MjCmIKPejBs_luta42.mp4,te_waza_MjCmIKPejBs_luta42.mp4,tachi_waza,sutemi_waza,0,0.5234020948410034,0.046804189682006836,0.5234020948410034,0.4765979051589966
/home/vpcuser/everton-mc-tcn/experimento_dataset_pro/te_waza_MjCmIKPejBs_luta44.mp4,te_waza_MjCmIKPejBs_luta44.mp4,tachi_waza,tachi_waza,1,0.9809722900390625,0.9619445707648993,0.019027719274163246,0.9809722900390625
/home/vpcuser/everton-mc-tcn/experimento_dataset_pro/te_waza_MjCmIKPejBs_luta47.mp4,te_waza_MjCmIKPejBs_luta47.mp4,tachi_waza,tachi_waza,1,0.8095934391021729,0.6191868931055069,0.19040654599666595,0.8095934391021729
/home/vpcuser/everton-mc-tcn/experimento_dataset_pro/te_waza_MjCmIKPejBs_luta48.mp4,te_waza_MjCmIKPejBs_luta48.mp4,tachi_waza,tachi_waza,1,0.732719361782074,0.46543869376182556,0.2672806680202484,0.732719361782074
/home/vpcuser/everton-mc-tcn/experimento_dataset_pro/te_waza_MjCmIKPejBs_luta50.mp4,te_waza_MjCmIKPejBs_luta50.mp4,tachi_waza,tachi_waza,1,0.6337716579437256,0.2675432860851288,0.3662283718585968,0.6337716579437256
/home/vpcuser/everton-mc-tcn/experimento_dataset_pro/te_waza_MjCmIKPejBs_luta54.mp4,te_waza_MjCmIKPejBs_luta54.mp4,tachi_waza,tachi_waza,1,0.6219423413276672,0.24388474225997925,0.378057599067688,0.6219423413276672
/home/vpcuser/everton-mc-tcn/experimento_dataset_pro/te_waza_MjCmIKPejBs_luta55.mp4,te_waza_MjCmIKPejBs_luta55.mp4,tachi_waza,tachi_waza,1,0.6584828495979309,0.3169656991958618,0.3415171504020691,0.6584828495979309
/home/vpcuser/everton-mc-tcn/experimento_dataset_pro/te_waza_YQo6wAcWYKk_luta01.mp4,te_waza_YQo6wAcWYKk_luta01.mp4,tachi_waza,tachi_waza,1,0.9018639326095581,0.803727887570858,0.0981360450387001,0.9018639326095581
/home/vpcuser/everton-mc-tcn/experimento_dataset_pro/te_waza_YQo6wAcWYKk_luta02.mp4,te_waza_YQo6wAcWYKk_luta02.mp4,tachi_waza,tachi_waza,1,0.8773499727249146,0.7546999901533127,0.12264998257160187,0.8773499727249146
/home/vpcuser/everton-mc-tcn/experimento_dataset_pro/te_waza_YQo6wAcWYKk_luta03.mp4,te_waza_YQo6wAcWYKk_luta03.mp4,tachi_waza,tachi_waza,1,0.6600413918495178,0.32008278369903564,0.3399586081504822,0.6600413918495178
/home/vpcuser/everton-mc-tcn/experimento_dataset_pro/te_waza_YQo6wAcWYKk_luta06.mp4,te_waza_YQo6wAcWYKk_luta06.mp4,tachi_waza,tachi_waza,1,0.9251161217689514,0.850232258439064,0.07488386332988739,0.9251161217689514
/home/vpcuser/everton-mc-tcn/experimento_dataset_pro/te_waza_YQo6wAcWYKk_luta10.mp4,te_waza_YQo6wAcWYKk_luta10.mp4,tachi_waza,sutemi_waza,0,0.6147357821464539,0.22947153449058533,0.6147357821464539,0.38526424765586853
/home/vpcuser/everton-mc-tcn/experimento_dataset_pro/te_waza_YQo6wAcWYKk_luta13.mp4,te_waza_YQo6wAcWYKk_luta13.mp4,tachi_waza,sutemi_waza,0,0.6036688089370728,0.2073376178741455,0.6036688089370728,0.39633119106292725
/home/vpcuser/everton-mc-tcn/experimento_dataset_pro/te_waza_YQo6wAcWYKk_luta16.mp4,te_waza_YQo6wAcWYKk_luta16.mp4,tachi_waza,tachi_waza,1,0.6594948172569275,0.3189896047115326,0.3405052125453949,0.6594948172569275
/home/vpcuser/everton-mc-tcn/experimento_dataset_pro/te_waza_YQo6wAcWYKk_luta17.mp4,te_waza_YQo6wAcWYKk_luta17.mp4,tachi_waza,tachi_waza,1,0.8934850692749023,0.7869701385498047,0.10651493072509766,0.8934850692749023
/home/vpcuser/everton-mc-tcn/experimento_dataset_pro/te_waza_YQo6wAcWYKk_luta19.mp4,te_waza_YQo6wAcWYKk_luta19.mp4,tachi_waza,tachi_waza,1,0.9058831930160522,0.8117663711309433,0.09411682188510895,0.9058831930160522
/home/vpcuser/everton-mc-tcn/experimento_dataset_pro/te_waza_YQo6wAcWYKk_luta20.mp4,te_waza_YQo6wAcWYKk_luta20.mp4,tachi_waza,tachi_waza,1,0.9729164242744446,0.9458327982574701,0.02708362601697445,0.9729164242744446
/home/vpcuser/everton-mc-tcn/experimento_dataset_pro/te_waza_YQo6wAcWYKk_luta27.mp4,te_waza_YQo6wAcWYKk_luta27.mp4,tachi_waza,tachi_waza,1,0.7743554711341858,0.5487108677625656,0.22564460337162018,0.7743554711341858
/home/vpcuser/everton-mc-tcn/experimento_dataset_pro/te_waza_YQo6wAcWYKk_luta30.mp4,te_waza_YQo6wAcWYKk_luta30.mp4,tachi_waza,tachi_waza,1,0.6308743953704834,0.2617487907409668,0.3691256046295166,0.6308743953704834
/home/vpcuser/everton-mc-tcn/experimento_dataset_pro/te_waza_YQo6wAcWYKk_luta31.mp4,te_waza_YQo6wAcWYKk_luta31.mp4,tachi_waza,tachi_waza,1,0.9234551787376404,0.8469103947281837,0.07654478400945663,0.9234551787376404
/home/vpcuser/everton-mc-tcn/experimento_dataset_pro/te_waza_YQo6wAcWYKk_luta33.mp4,te_waza_YQo6wAcWYKk_luta33.mp4,tachi_waza,tachi_waza,1,0.9449812769889832,0.8899625167250633,0.05501876026391983,0.9449812769889832
/home/vpcuser/everton-mc-tcn/experimento_dataset_pro/te_waza_YQo6wAcWYKk_luta38.mp4,te_waza_YQo6wAcWYKk_luta38.mp4,tachi_waza,tachi_waza,1,0.9524539709091187,0.9049079194664955,0.04754605144262314,0.9524539709091187
/home/vpcuser/everton-mc-tcn/experimento_dataset_pro/te_waza_YQo6wAcWYKk_luta41.mp4,te_waza_YQo6wAcWYKk_luta41.mp4,tachi_waza,sutemi_waza,0,0.5417008399963379,0.0834016501903534,0.5417008399963379,0.4582991898059845
/home/vpcuser/everton-mc-tcn/experimento_dataset_pro/te_waza_YQo6wAcWYKk_luta45.mp4,te_waza_YQo6wAcWYKk_luta45.mp4,tachi_waza,tachi_waza,1,0.9074258804321289,0.814851738512516,0.09257414191961288,0.9074258804321289
/home/vpcuser/everton-mc-tcn/experimento_dataset_pro/te_waza_YQo6wAcWYKk_luta46.mp4,te_waza_YQo6wAcWYKk_luta46.mp4,tachi_waza,tachi_waza,1,0.8666723370552063,0.733344703912735,0.1333276331424713,0.8666723370552063
/home/vpcuser/everton-mc-tcn/experimento_dataset_pro/te_waza_YQo6wAcWYKk_luta55.mp4,te_waza_YQo6wAcWYKk_luta55.mp4,tachi_waza,tachi_waza,1,0.885347306728363,0.7706945836544037,0.11465272307395935,0.885347306728363
/home/vpcuser/everton-mc-tcn/experimento_dataset_pro/te_waza_YQo6wAcWYKk_luta59.mp4,te_waza_YQo6wAcWYKk_luta59.mp4,tachi_waza,tachi_waza,1,0.8644200563430786,0.7288400828838348,0.13557997345924377,0.8644200563430786
/home/vpcuser/everton-mc-tcn/experimento_dataset_pro/te_waza_YQo6wAcWYKk_luta60.mp4,te_waza_YQo6wAcWYKk_luta60.mp4,tachi_waza,tachi_waza,1,0.7539611458778381,0.5079222768545151,0.24603886902332306,0.7539611458778381
/home/vpcuser/everton-mc-tcn/experimento_dataset_pro/te_waza_YQo6wAcWYKk_luta61.mp4,te_waza_YQo6wAcWYKk_luta61.mp4,tachi_waza,tachi_waza,1,0.7119404673576355,0.423880934715271,0.2880595326423645,0.7119404673576355
/home/vpcuser/everton-mc-tcn/experimento_dataset_pro/te_waza_YQo6wAcWYKk_luta67.mp4,te_waza_YQo6wAcWYKk_luta67.mp4,tachi_waza,tachi_waza,1,0.6278145909309387,0.25562918186187744,0.3721854090690613,0.6278145909309387
/home/vpcuser/everton-mc-tcn/experimento_dataset_pro/te_waza_YQo6wAcWYKk_luta69.mp4,te_waza_YQo6wAcWYKk_luta69.mp4,tachi_waza,tachi_waza,1,0.8820048570632935,0.7640097588300705,0.11799509823322296,0.8820048570632935
/home/vpcuser/everton-mc-tcn/experimento_dataset_pro/te_waza_YQo6wAcWYKk_luta70.mp4,te_waza_YQo6wAcWYKk_luta70.mp4,tachi_waza,tachi_waza,1,0.8337511420249939,0.6675023287534714,0.16624881327152252,0.8337511420249939
/home/vpcuser/everton-mc-tcn/experimento_dataset_pro/te_waza_YQo6wAcWYKk_luta71.mp4,te_waza_YQo6wAcWYKk_luta71.mp4,tachi_waza,tachi_waza,1,0.9299581050872803,0.8599161952733994,0.07004190981388092,0.9299581050872803
/home/vpcuser/everton-mc-tcn/experimento_dataset_pro/te_waza_YQo6wAcWYKk_luta72.mp4,te_waza_YQo6wAcWYKk_luta72.mp4,tachi_waza,tachi_waza,1,0.9614402055740356,0.9228804148733616,0.03855979070067406,0.9614402055740356
/home/vpcuser/everton-mc-tcn/experimento_dataset_pro/te_waza_YQo6wAcWYKk_luta79.mp4,te_waza_YQo6wAcWYKk_luta79.mp4,tachi_waza,sutemi_waza,0,0.5429401397705078,0.0858803391456604,0.5429401397705078,0.4570598006248474
/home/vpcuser/everton-mc-tcn/experimento_dataset_pro/te_waza_YQo6wAcWYKk_luta80.mp4,te_waza_YQo6wAcWYKk_luta80.mp4,tachi_waza,tachi_waza,1,0.9199204444885254,0.8398408889770508,0.08007955551147461,0.9199204444885254
/home/vpcuser/everton-mc-tcn/experimento_dataset_pro/te_waza_YQo6wAcWYKk_luta82.mp4,te_waza_YQo6wAcWYKk_luta82.mp4,tachi_waza,tachi_waza,1,0.7820192575454712,0.5640385150909424,0.2179807424545288,0.7820192575454712
/home/vpcuser/everton-mc-tcn/experimento_dataset_pro/te_waza_YQo6wAcWYKk_luta83.mp4,te_waza_YQo6wAcWYKk_luta83.mp4,tachi_waza,tachi_waza,1,0.9121232628822327,0.8242465779185295,0.08787668496370316,0.9121232628822327
/home/vpcuser/everton-mc-tcn/experimento_dataset_pro/te_waza_YQo6wAcWYKk_luta85.mp4,te_waza_YQo6wAcWYKk_luta85.mp4,tachi_waza,tachi_waza,1,0.9315999150276184,0.8631997555494308,0.06840015947818756,0.9315999150276184
/home/vpcuser/everton-mc-tcn/experimento_dataset_pro/te_waza_YQo6wAcWYKk_luta91.mp4,te_waza_YQo6wAcWYKk_luta91.mp4,tachi_waza,tachi_waza,1,0.9278265833854675,0.8556531295180321,0.07217345386743546,0.9278265833854675
/home/vpcuser/everton-mc-tcn/experimento_dataset_pro/te_waza_YQo6wAcWYKk_luta97.mp4,te_waza_YQo6wAcWYKk_luta97.mp4,tachi_waza,tachi_waza,1,0.8738850355148315,0.747770145535469,0.1261148899793625,0.8738850355148315
/home/vpcuser/everton-mc-tcn/experimento_dataset_pro/te_waza_lX7brd9T1-s_luta25_sub01.mp4,te_waza_lX7brd9T1-s_luta25_sub01.mp4,tachi_waza,tachi_waza,1,0.9476631283760071,0.8953262269496918,0.05233690142631531,0.9476631283760071
/home/vpcuser/everton-mc-tcn/experimento_dataset_pro/te_waza_lX7brd9T1-s_luta27_sub02.mp4,te_waza_lX7brd9T1-s_luta27_sub02.mp4,tachi_waza,tachi_waza,1,0.9530248045921326,0.9060495756566525,0.04697522893548012,0.9530248045921326
/home/vpcuser/everton-mc-tcn/experimento_dataset_pro/te_waza_lX7brd9T1-s_luta28_sub03.mp4,te_waza_lX7brd9T1-s_luta28_sub03.mp4,tachi_waza,tachi_waza,1,0.988077700138092,0.9761553946882486,0.011922305449843407,0.988077700138092
/home/vpcuser/everton-mc-tcn/experimento_dataset_pro/te_waza_lX7brd9T1-s_luta43_sub01.mp4,te_waza_lX7brd9T1-s_luta43_sub01.mp4,tachi_waza,tachi_waza,1,0.7550880908966064,0.5101761519908905,0.24491193890571594,0.7550880908966064
/home/vpcuser/everton-mc-tcn/experimento_dataset_pro/te_waza_pro_37766_1_hl00_0m09.mp4,te_waza_pro_37766_1_hl00_0m09.mp4,tachi_waza,tachi_waza,1,0.7017827033996582,0.4035654664039612,0.298217236995697,0.7017827033996582
/home/vpcuser/everton-mc-tcn/experimento_dataset_pro/te_waza_pro_44378_12_hl00_0m09.mp4,te_waza_pro_44378_12_hl00_0m09.mp4,tachi_waza,tachi_waza,1,0.9453439712524414,0.8906879052519798,0.05465606600046158,0.9453439712524414
/home/vpcuser/everton-mc-tcn/experimento_dataset_pro/te_waza_pro_44378_1_hl00_0m09.mp4,te_waza_pro_44378_1_hl00_0m09.mp4,tachi_waza,tachi_waza,1,0.6406968235969543,0.28139370679855347,0.3593031167984009,0.6406968235969543
/home/vpcuser/everton-mc-tcn/experimento_dataset_pro/te_waza_pro_49528_2_hl00_0m10.mp4,te_waza_pro_49528_2_hl00_0m10.mp4,tachi_waza,tachi_waza,1,0.8079628944396973,0.6159258037805557,0.19203709065914154,0.8079628944396973
/home/vpcuser/everton-mc-tcn/experimento_dataset_pro/yoko_sutemi_waza_pro_44378_3_hl00_0m09.mp4,yoko_sutemi_waza_pro_44378_3_hl00_0m09.mp4,sutemi_waza,tachi_waza,0,0.655754566192627,0.3115091323852539,0.34424543380737305,0.655754566192627
/home/vpcuser/everton-mc-tcn/experimento_dataset_pro/yoko_sutemi_waza_pro_44378_4_hl00_0m09.mp4,yoko_sutemi_waza_pro_44378_4_hl00_0m09.mp4,sutemi_waza,tachi_waza,0,0.7493046522140503,0.4986092746257782,0.2506953775882721,0.7493046522140503
/home/vpcuser/everton-mc-tcn/experimento_dataset_pro/yoko_sutemi_waza_pro_44378_5_hl00_0m09.mp4,yoko_sutemi_waza_pro_44378_5_hl00_0m09.mp4,sutemi_waza,tachi_waza,0,0.6258057355880737,0.2516114413738251,0.37419429421424866,0.6258057355880737
